-24.5192 23.497 -1.7655 1
5.64422 6.95003 -1.15931 1
-18.5053 10.7689 -1.37907 1
25.8504 8.71041 -0.971913 1
9.38802 -2.87776 -0.953993 1
-21.4972 15.3673 -1.59342 1
-23.5577 17.2947 -1.40386 1
-48.5638 -1.45381 -0.625337 2
-25.1612 13.6746 -0.272858 2
31.8491 9.66391 0.784104 2
15.5776 -3.01875 -0.0496704 2
-24.9708 9.5778 -0.27566 2
18.0058 9.55077 -0.131682 2
-7.98307 16.8514 0.220526 2
-39.6539 -13.7926 0.25304 2
37.047 -1.56225 0.383994 2
42.832 10.875 0.809557 2
11.4837 8.96811 -0.134322 2
-27.302 14.8962 -0.315239 2
-30.9085 16.8354 0.0633954 2
23.7121 -2.47312 0.175172 2
-44.1536 -7.58813 -0.553113 2
-25.9357 -6.34904 -0.0983358 3
4.62329 -3.66736 -0.883805 3
-25.9538 -23.5603 0.792736 3
-12.0719 5.47897 -0.43103 3
29.5249 7.35224 -0.763111 1
32.8582 11.5492 0.600076 3
4.05998 5.54734 -0.987699 3
13.0439 -4.10185 0.143615 3
52.288 -0.60359 1.46416 2
-23.9176 20.5686 -1.65624 1
40.6523 -0.713892 -0.376965 1
-15.7449 1.80733 0.597435 3
38.6771 8.55445 -0.688597 1
36.3348 11.7288 0.0980647 3
24.6512 -25.4635 -1.22317 2
34.0834 8.80797 -0.794921 1
55.6546 11.7545 0.0731519 2
59.2426 10.6967 -0.641445 1
24.9582 8.49479 -1.05685 1
73.9254 0.956898 1.08809 2
73.7236 12.8873 0.732242 2
59.1087 0.232572 -0.615184 1
63.5724 12.27 0.40501 2
69.1586 0.960795 -0.317776 1
41.3723 9.2076 -0.859964 1
68.8385 10.9426 -0.49113 1
58.005 -1.0949 0.0866219 3
76.0371 10.5748 -0.556216 1
60.8023 10.0771 -0.665433 1
93.1935 11.5233 0.50202 3
77.9423 1.86643 -0.400274 1
71.3163 11.2671 -0.684122 1
51.9317 40.4626 -0.079051 2
101.84 14.5808 1.07308 2
94.6397 13.4666 -0.544381 1
95.0305 1.5594 0.749782 3
79.8446 14.8328 0.846425 3
96.7961 2.65974 -0.377518 1
112.653 3.69589 1.31223 2
79.9096 11.018 -0.743606 1
84.1004 -1.67074 0.284528 3
113.013 15.696 1.15909 2
91.1411 17.4031 0.332906 3
82.6395 16.9257 0.385388 3
98.3446 12.7022 -0.50519 1
97.3998 12.2713 -0.585102 1
91.2486 -6.36566 -0.126301 1
95.504 -12.8555 1.26619 2
86.0658 -4.84282 -0.0274096 1
107.576 3.50531 -0.194255 1
80.5467 27.634 -0.297366 2
90.4325 35.7728 0.449605 3
84.1554 25.9285 -1.1003 1
128.033 4.82942 1.34296 2
95.0418 -37.7077 1.45918 3
76.976 1.95661 -0.555868 1
88.0162 38.4952 -1.2755 1
91.5574 -15.3129 0.00810292 1
114.982 14.0187 -0.160643 1
106.267 13.3186 -0.491754 1
130.783 16.8791 0.203259 2
87.6231 -33.3942 0.275341 1
93.9217 -11.1662 0.513865 3
104.491 -16.1113 -0.680677 2
92.2177 -41.0939 0.570751 1
93.2457 -66.1027 2.51523 2
95.4063 -67.4534 2.09626 2
87.4556 -39.4118 0.491858 1
85.7748 -54.7239 0.909331 1
91.8396 -17.5851 -0.0706758 1
87.3412 -66.4807 1.24561 1
90.0941 -64.285 1.64388 3
81.5458 -54.7004 1.86733 2
83.1358 -76.7245 1.38667 1
79.6289 -72.2733 1.20475 1
94.8273 -62.3253 1.72851 3
96.3837 -54.5475 0.977079 1
107.03 -65.2026 2.58746 3
102.532 -61.7605 1.19257 1
119.665 -65.4657 1.32001 1
111.722 -58.557 1.05067 1
88.0758 -35.7005 0.402102 1
78.0573 -66.3497 1.23191 1
133.657 -71.3515 3.39453 3
81.3639 -84.958 2.82291 3
85.9648 -55.1328 1.01455 1
83.0768 -56.7205 1.95428 3
116.694 -60.1162 1.13916 1
114.782 -59.3158 1.16121 1
135.668 -69.3452 1.57782 1
148.58 -71.438 1.98189 1
159.079 -75.176 3.61988 3
140.725 -43.5119 1.64809 2
118.652 -59.8901 0.935834 1
144.171 -65.3963 1.46172 1
150.61 -66.9718 1.75408 1
164.086 -73.2266 1.91829 1
169.56 -72.9164 1.95123 1
172.698 -67.4381 1.90485 1
150.344 -71.2444 1.90788 1
166.394 -77.7241 2.37717 2
146.302 -65.8519 1.68917 1
162.881 -49.56 0.918283 2
175.343 -76.0398 2.68882 1
181.239 -66.9048 2.24565 1
196.154 -66.2543 2.59625 1
138.422 -69.8989 1.62156 1
186.481 -74.3791 3.69087 3
200.049 -71.0696 2.2757 1
176.749 -50.6904 3.06021 2
176.876 -51.3947 0.963371 2
205.578 -70.4173 2.3182 1
231.786 -71.9873 3.95831 2
198.156 -65.9394 2.63997 1
210.705 -64.3896 2.79278 3
184.095 -66.3089 2.05943 1
223.43 -64.2401 2.44351 1
175.072 -67.455 1.84795 1
239.826 -71.4987 3.1923 2
248.596 -70.7131 3.23422 2
238.651 -69.209 3.71895 3
227.06 -72.3912 3.15814 3
215.784 -73.3425 2.65566 1
248.598 -68.5549 3.89062 3
200.474 -65.1685 2.19732 1
222.736 -82.9306 2.97756 3
233.842 -63.5843 2.52273 1
222.531 -80.7508 3.66709 2
222.406 -78.6783 3.63614 3
257.235 -70.3514 3.53538 2
223.093 -88.874 3.22579 2
224.284 -104.998 3.31553 2
223.578 -97.4571 3.5317 2
217.408 -91.8028 2.90188 1
224.857 -112.896 4.29566 2
224.095 -101.868 4.34912 3
264.67 -69.9849 3.66481 2
266.145 -67.2525 4.45701 3
218.198 -97.9831 3.05351 1
257.025 -62.4429 2.63379 1
232.684 -79.0855 2.63231 2
249.398 -59.1072 3.21485 3
242.322 -79.3692 3.04517 2
246.097 -83.1786 2.89208 2
248.733 -48.9802 4.07459 3
242.237 -55.8254 2.37494 1
247.125 -52.1862 2.52723 1
207.167 -70.3966 2.34448 1
263.915 -62.2913 2.7715 1
242.341 -95.9427 2.89123 2
238.572 -56.5664 2.62348 2
280.984 -68.6022 3.73326 2
246.953 -46.4057 2.33756 1
288.409 -68.0928 4.03269 2
246.584 -21.7825 4.4333 3
283.657 -72.7711 3.61938 2
240.519 -31.2684 1.76992 1
260.346 -76.5123 4.77795 2
292.096 -65.4527 4.59792 3
245.276 -23.4888 1.56399 1
246.834 -21.7625 2.50307 3
256.507 -36.7203 1.90112 3
239.936 -18.8992 1.50466 1
244.66 -17.026 1.57659 1
243.571 -4.40842 1.34407 1
239.482 -13.1707 1.32313 1
245.33 -0.170732 2.26419 3
242.896 5.90831 0.969636 1
245.82 26.0187 1.91017 3
240.555 -29.3186 1.67093 1
236.33 30.9859 0.394925 1
244.799 -21.7114 1.53217 1
250.092 23.7238 1.00974 1
255.873 26.0673 2.12214 2
231.835 21.7616 0.663903 1
246.767 22.4613 0.658572 1
247.463 12.9911 1.10258 1
243.34 9.95423 1.57041 3
259.403 24.2748 0.800129 1
264.334 26.212 2.55175 2
225.49 22.2533 0.688119 1
262.514 24.0878 0.827849 1
243.11 28.0074 1.11273 3
227.621 22.2583 0.632181 1
223.664 20.4418 0.364301 1
278.17 27.2911 2.95446 2
212.363 22.6269 0.882976 2
210.11 21.1498 0.623833 1
252.395 23.8255 0.822739 1
231.54 12.3419 0.593261 1
252.405 13.4195 1.07885 1
234.694 27.4019 0.991488 3
217.443 21.342 0.336223 1
257.309 13.8331 2.16225 2
206.819 21.1952 0.692317 1
232.089 10.9349 1.12687 3
275.939 25.736 0.896356 1
260.732 14.156 1.00789 1
195.292 21.7421 1.34004 2
214.023 10.6764 1.47381 2
240.144 45.7378 0.0018695 1
247.712 12.9973 0.830135 1
279.008 16.0937 3.89631 2
242.001 46.3306 1.66692 3
268.45 13.5349 2.00503 3
193.469 9.18181 1.68189 2
221.498 23.2021 1.64202 2
202.602 8.6762 1.28275 3
252.797 23.623 0.865748 1
236.198 39.4364 0.0177509 1
203.205 21.8793 2.13938 2
236.006 9.44598 1.28109 3
246.403 23.2703 0.5984 1
265.928 15.1983 1.0859 1
205.026 10.575 0.63306 1
295.004 16.3349 3.33632 2
294.431 28.026 3.15208 2
275.033 15.3652 1.13855 1
283.798 16.0961 1.19179 1
283.676 25.7199 1.17212 1
280.823 25.2659 1.11767 1
287.315 24.749 1.02539 1
311.825 17.8408 3.34468 2
310.85 29.1291 2.97628 2
291.239 16.5639 1.2962 1
290.154 29.3446 2.65414 3
314.14 16.7094 3.40574 3
292.543 26.1745 1.2644 1
262.967 55.9153 2.42412 2
298.447 17.0327 1.38896 1
297.169 26.5291 1.23433 1
259.962 56.26 2.3483 2
301.981 27.3704 1.21248 1
290.021 26.3444 1.23596 1
327.771 18.9911 3.40183 2
305.597 27.0809 1.18692 1
327.532 30.4428 3.31277 2
306.947 17.4523 1.51632 1
308.118 27.3345 1.30742 1
323.301 28.956 1.46928 1
315.046 18.3758 1.60413 1
340.529 31.0467 3.23949 2
324.897 18.7971 1.70851 1
319.565 18.4823 1.70616 1
350.779 20.3311 3.63202 2
331.813 19.4076 1.74705 1
309.178 28.0054 1.3163 1
331.692 28.5818 1.73379 1
356.337 19.5852 3.74608 3
337.812 32.529 2.8486 3
337.942 19.8348 1.78167 1
338.386 29.2014 1.77309 1
341.796 20.1004 2.00742 1
345.059 29.353 1.62847 1
333.078 28.6335 1.50741 1
335.428 29.2831 1.63971 1
353.05 30.9981 1.70337 1
360.785 31.1537 1.8974 1
357.829 20.9804 2.06138 1
317.758 18.3325 1.65324 1
363.823 31.0882 2.02715 1
363.509 21.5892 2.18553 1
357.91 32.1789 3.02469 2
383.205 22.7412 2.47011 1
355.898 31.7115 1.93958 1
381.881 35.3981 3.63079 3
400.162 23.5907 3.98352 2
378.302 19.3753 3.01742 3
408.214 36.1215 3.39814 2
374.484 47.531 1.64405 1
394.146 32.3642 2.81777 3
397.245 33.9674 2.18165 1
376.329 61.1446 2.36914 2
408.578 24.0655 3.30758 3
379.162 8.33056 2.86369 3
376.058 64.5043 2.17367 2
377.373 5.4693 2.61607 1
375.909 68.2712 1.80614 2
405.918 22.8912 3.88057 3
369.312 47.2559 1.58233 1
371.968 4.75846 2.52522 1
406.344 34.0499 2.18551 1
368.889 16.8899 2.91491 3
377.992 -3.05553 2.90077 1
417.51 24.9019 3.73256 2
361.267 21.5228 2.03386 1
389.917 23.8765 2.35059 1
380.61 -13.2789 4.70534 3
397.304 35.7185 2.19994 1
373.379 65.7545 1.06462 1
420.487 37.1057 3.72535 2
361.231 32.5702 1.9019 1
367.789 66.3399 1.06809 1
374.605 75.4812 2.32398 3
387.303 23.2319 2.38033 1
372.216 78.7095 0.896254 1
367.325 73.9759 0.851592 1
375.041 68.5629 1.70843 3
372.96 99.2421 1.55657 3
345.766 88.8816 -0.62505 3
373.542 115.813 1.0687 3
371.099 125.945 0.924047 3
373.405 108.677 1.02527 3
376.902 117.607 1.3513 3
369.61 119.572 -0.00698101 1
371.963 80.9235 0.739321 1
360.1 114.616 0.306418 3
378.349 114.809 0.198524 1
386.127 89.3802 0.575084 2
388.517 115.778 0.366142 1
362.508 89.9305 1.60315 3
384.831 110.296 0.925722 1
357.032 113.835 -0.190473 1
350.912 115.913 0.850547 2
394.007 116.338 0.350315 1
368.761 126.741 -0.227945 1
357.5 108.499 0.0137919 1
349.315 113.151 -0.1304 1
402.389 119.501 2.01472 3
343.378 107.415 -0.216029 1
371.869 82.7394 0.828365 1
399.053 111.365 0.476185 1
333.069 116.527 -0.178103 1
387.725 110.638 0.640165 1
328.466 106.233 -0.0346251 1
369.298 151.693 0.281189 3
362.068 152.049 -0.711465 1
366.435 165.972 -1.01467 1
361.657 158.014 -0.734967 1
360.9 168.025 -1.1324 1
367.39 179.449 0.267991 3
365.107 184.385 -1.42843 1
355.402 199.803 -0.692399 3
356.876 186.599 -1.09467 3
353.119 196.21 -1.16257 2
364.063 192.796 -1.63039 1
398.333 177.216 -2.11994 1
366.285 168.051 -1.02169 1
365.783 203.394 -0.704433 3
363.698 199.952 -1.82373 1
360.669 169.849 -1.17019 1
358.138 216.961 -2.2332 1
351.986 189.258 -1.73431 1
340.431 195.413 -0.803568 2
333.294 194.843 -0.863744 2
365.84 228.752 -1.2272 3
346.548 195.92 -1.3256 2
325.835 193.947 -1.07178 2
327.546 192.09 -2.08741 1
318.3 194.03 -0.726516 2
363.681 215.209 -2.18125 1
312.214 193.656 -1.29626 2
332.243 187.237 -1.43519 1
363.286 194.863 -1.83579 1
329.872 187.316 -1.46943 1
294.625 192.418 -1.44102 2
296.77 182.889 -0.85452 3
299.678 192.511 -1.55766 2
314.446 191.109 -2.16565 1
282.421 191.086 -1.58568 2
363.582 196.669 -1.70733 1
277.165 190.888 -1.63869 2
297.636 185.106 -2.356 1
297.837 189.866 -2.45687 1
289.071 192.026 -1.79414 2
266.016 190.117 -1.796 2
291.479 189.34 -2.45694 1
291.832 185.128 -2.42378 1
301.748 208.609 -2.94841 1
260.086 189.732 -1.44378 2
279.913 188.61 -2.5358 1
279.895 183.819 -2.46898 1
250.048 177.106 -1.2002 2
275.189 183.64 -2.4919 1
245.869 188.857 -1.86619 2
327.328 187.03 -2.08609 1
265.283 182.8 -2.55838 1
242.297 173.457 -1.29589 2
259.851 187.338 -2.83806 1
239.254 188.395 -1.90786 2
252.572 192.931 -2.62421 1
230.79 187.746 -1.65347 2
259.596 182.632 -2.66211 1
250.179 186.443 -2.73417 1
234.226 173.193 -1.89482 2
231 164.385 -1.41519 2
224.513 186.896 -1.76165 2
247.314 179.473 -1.7228 3
249.877 170.137 -1.75639 2
242.661 164.998 -1.70265 2
251.629 180.429 -2.18239 3
239.583 185.696 -2.79395 1
218.273 171.785 -1.91798 2
219.341 178.8 -1.81291 3
249.73 163.612 -1.61599 2
243.841 148.388 -1.20987 2
249.301 154.078 -1.44482 2
244.864 185.973 -2.9449 1
252.915 146.486 -1.42381 3
276.927 183.604 -2.47102 1
224.159 175.134 -1.64296 2
219.441 186.215 -2.0423 3
218.62 163.946 -1.36423 2
228.059 184.831 -2.74102 1
219.369 154.641 -1.52469 2
244.356 139.743 -0.929865 2
243.382 156.885 -1.35649 2
219.923 146.208 -1.2981 2
217.566 186.823 -2.23883 2
207.738 167.79 -2.9696 1
229.452 157.763 -1.53169 3
213.218 190.732 -2.3504 3
208.056 194.564 -2.68254 1
231.568 148.469 -1.30456 3
220.579 137.307 -1.34987 2
206.237 183.868 -3.06951 1
214.718 185.68 -2.93787 1
230.469 217.255 -4.17254 1
201.948 176.031 -3.0226 1
203.804 181.192 -2.42607 3
246.687 186.129 -2.88726 1
228.176 148.49 -1.45229 3
205.792 185.984 -3.11214 1
205.517 188.248 -2.9728 1
258.201 182.115 -2.79729 1
199.819 199.913 -3.47955 1
205.589 156.866 -1.79995 3
207.435 131.512 -0.876212 3
195.226 172.467 -2.67645 1
220.999 128.615 -1.54794 2
244.628 131.421 -1.18898 2
205.695 197.122 -2.92022 1
222.263 112.159 -1.2253 2
210.755 125.311 -2.00936 1
207.871 193.743 -3.07544 1
245.46 122.689 -0.868121 2
221.666 120.263 -0.93715 2
252.161 123.67 -1.223 2
216.03 123.376 -1.37144 3
231.137 112.689 -0.722297 2
245.966 113.711 -0.757899 2
220.999 100.365 -1.51418 1
254.4 124.503 -1.00848 2
209.182 107.905 -0.40814 3
218.598 100.63 -1.60058 1
207.019 119.108 -1.24374 3
205.142 117.955 -1.70628 1
223.981 100.216 -1.31225 1
211.393 106.588 -1.68785 1
204.664 121.146 -1.32828 2
200.448 117.362 -1.86023 1
199.681 119.288 -0.645304 3
201.155 112.018 -1.43676 3
230.884 95.1715 -0.496812 3
242.417 100.3 -1.33241 1
225.048 107.17 -0.891736 3
250.762 108.782 -0.617125 2
179.377 118.905 -1.64655 2
238.596 96.1819 -0.331973 3
248.981 100.536 -1.03988 1
197.075 108.748 -1.62746 2
167.066 114.513 -2.30475 1
236.855 92.6616 -1.11761 1
202.367 117.027 -1.90681 1
175.734 117.375 -0.454251 3
264.985 107.243 -0.710939 1
259.457 101.033 -0.136699 3
258.162 68.987 1.85626 2
237.199 88.3695 -0.865704 1
240.021 75.6645 1.25781 3
255.684 109.201 -0.625268 3
231.623 93.8859 -1.08853 1
238.158 71.8561 -0.278618 1
231.799 85.4612 -0.858294 1
233.584 72.6896 -0.690072 1
230.734 78.4187 -0.549944 1
233.896 62.9883 -0.421328 1
238.372 65.7261 -0.442311 1
239.081 59.0799 -0.266097 1
230.409 64.3488 0.372889 2
242.003 46.4742 1.3172 3
239.735 47.4812 -0.00139058 1
235.34 46.6367 -0.0854077 1
227.214 70.1784 0.000258197 2
236.411 32.7052 0.447084 1
235.766 40.5569 0.0672726 1
243.046 28.3039 0.957364 3
262.854 55.3655 1.2528 2
234.652 27.4595 1.5515 3
255.279 40.6266 0.146333 3
242.863 7.81255 1.02631 1
257.84 45.2899 -0.678549 3
247.506 13.4262 0.803432 1
258.665 56.6224 1.87074 2
243.304 10.0545 1.11546 3
245.708 26.3943 1.58707 3
230.883 12.3422 0.715672 1
232.03 11.1261 1.24824 3
246.626 23.2058 0.74976 1
231.832 22.9684 0.660768 1
262.787 55.2724 1.81553 2
257.281 13.6525 1.8274 2
235.998 9.56466 1.36586 3
252.622 13.7152 0.890213 1
213.894 10.6646 1.47244 2
228.892 23.3444 0.606171 1
279.013 15.21 3.15137 2
193.834 9.44964 2.49409 2
225.385 22.6377 0.592933 1
256.332 25.7037 1.73767 2
249.043 25.1376 0.818253 1
251.642 24.8223 1.23765 1
204.731 10.4456 0.722325 1
221.536 23.2653 1.76883 2
265.958 14.6811 1.09478 1
223.483 22.9346 0.577529 1
259.277 25.6983 0.809967 1
203.395 21.7681 2.27938 2
212.413 22.8752 1.05893 2
264.932 26.4183 1.73644 2
206.791 21.9751 0.497552 1
278.434 27.4189 2.32297 2
245.244 0.0669549 2.24056 3
195.14 21.7123 2.3155 2
207.694 23.7672 1.25225 3
250.181 13.5126 0.845158 1
261.009 14.481 0.973093 1
243.238 -2.63714 1.18931 1
283.658 15.8747 1.00082 1
268.465 13.5613 2.72176 3
239.03 -11.987 1.22678 1
229.135 21.1445 0.374357 1
244.601 -15.7796 1.36185 1
184.083 8.92547 2.47392 2
182.17 20.7621 2.10472 2
231.518 12.3332 0.492081 1
198.272 10.2465 0.527905 1
191.062 19.3563 0.354172 1
201.265 19.5095 0.393618 1
189.595 9.48752 0.33661 1
167.889 19.2832 1.68351 2
187.624 7.89385 1.46837 3
198.199 19.5305 0.392223 1
179.178 8.6643 0.178016 1
188.549 18.7882 0.136952 1
159.257 7.02543 2.09661 2
186.433 18.6308 0.198692 1
153.253 18.5098 1.50752 2
183.908 17.9992 0.264293 1
179.543 17.5768 0.197291 1
174.325 8.63424 0.317921 1
202.67 8.78987 0.91087 3
163.924 7.73335 0.0991775 1
169.853 17.2245 0.124416 1
144.542 17.5874 1.573 2
176.87 18.3148 0.236937 1
163.982 17.0113 0.107232 1
161.424 20.3073 1.02368 3
174.396 18.6746 0.092436 1
176.501 8.61134 0.270625 1
146.295 6.01465 1.27791 2
164.792 17.1607 0.0859621 1
147.591 15.489 -0.0302057 1
139.039 4.45812 1.16277 3
155.401 16.4066 0.00728234 1
128.446 4.98136 1.30072 2
159.817 16.9337 -0.0177307 1
130.76 16.8717 1.07856 2
139.165 15.7693 -0.0792064 1
113.642 15.8472 1.40288 2
112.916 3.72594 1.50583 2
135.98 14.7949 -0.144986 1
142.888 16.5331 -0.0897427 1
102.216 14.8049 1.25223 2
122.009 16.3594 0.645703 2
115.95 14.6354 -0.0740795 1
124.633 4.96518 -0.108232 1
132.785 15.2893 -0.121779 1
120.332 14.5906 -0.375338 1
93.2957 11.4192 0.551945 3
109.322 3.67142 -0.0830337 1
117.593 17.2676 0.482279 3
99.3777 3.1571 -0.331496 1
140.419 15.5086 -0.0813475 1
106.533 13.7278 -0.429398 1
100.185 12.9944 -0.344563 1
114.829 -11.8312 0.629171 3
74.1882 12.9324 0.624254 2
74.7971 0.930925 1.13659 2
79.0311 1.6748 -0.547394 1
95.2341 1.51864 0.850172 3
80.1194 11.8624 -0.737901 1
104.089 13.9454 -0.41563 1
95.1102 12.6809 -0.416864 1
80.0341 14.825 0.308458 3
97.8033 12.2592 -0.426189 1
86.4765 -5.5798 -0.0916799 1
76.7806 10.6988 -0.542777 1
71.1524 1.12502 -0.42342 1
53.4258 -0.400432 0.448432 2
91.387 -5.84535 -0.290152 1
84.1248 25.9954 -0.968296 1
84.1915 -1.47491 -0.036048 3
60.6627 0.427697 -0.772599 1
83.8372 31.9245 -1.36205 1
91.809 -15.4048 0.00675254 1
63.6792 12.243 0.371081 2
43.5593 11.188 0.318579 2
69.4214 10.2776 -0.629556 1
91.1755 17.3297 -0.117971 3
82.7465 16.9336 0.101463 3
88.0229 38.2171 -1.52243 1
55.6458 11.67 0.343228 2
93.968 -11.1233 0.170389 3
90.221 35.812 0.33632 3
95.0034 -37.8488 1.56854 3
104.455 -16.0906 -0.832061 2
92.298 -40.6193 0.538131 1
92.0147 -8.53878 -0.171274 1
93.266 -66.0454 3.00318 2
95.4784 -67.576 2.32174 2
87.4292 -39.011 0.480031 1
85.6947 -54.8709 0.828243 1
87.0078 -67.3412 1.17669 1
90.0841 -64.3561 1.40771 3
82.9908 -77.0162 1.30703 1
94.8229 -62.4093 1.58469 3
81.5874 -54.3724 1.63677 2
119.737 -65.513 1.41828 1
81.3605 -84.8901 3.02364 3
87.6305 -35.7075 0.302709 1
112.334 -58.5419 1.17373 1
107.043 -65.2494 2.12804 3
83.106 -56.6831 1.86546 3
77.76 -66.4847 1.24718 1
92.0076 -43.1115 0.612379 1
69.9594 -104.504 2.61879 2
77.6006 -63.8811 0.97802 1
68.5662 -92.3158 1.5652 1
67.9036 -101.618 1.65247 1
67.5956 -105.491 2.28772 3
53.0901 -123.875 3.21242 2
46.9359 -116.892 3.27089 3
53.0035 -121.114 3.30693 3
74.047 -101.733 2.39164 3
43.2452 -122.374 3.224 3
46.673 -120.796 1.89723 1
64.4158 -111.194 2.92921 3
44.5986 -110.921 1.88088 1
82.1472 -78.7197 1.35451 1
50.6169 -104.489 2.60401 3
52.5832 -128.325 2.86878 2
65.5553 -115.301 3.08276 3
65.8845 -126.05 2.28977 1
36.4814 -145.323 2.91005 2
70.7389 -129.243 2.36434 1
81.1891 -135.796 2.48942 1
72.5991 -119.925 3.42665 3
47.0568 -104.211 1.70712 1
36.4098 -104.553 1.41475 1
38.7037 -125.386 2.92652 2
76.2999 -124.991 2.53551 1
42.6679 -127.005 2.06465 1
32.3008 -90.328 1.94785 3
44.8391 -98.5012 2.14451 2
44.2047 -137.871 2.24162 1
31.8584 -141.859 1.9703 1
28.0046 -143.738 2.9309 3
25.3932 -161.31 3.54573 2
24.7467 -165.459 3.24016 2
24.2807 -152.627 2.04963 1
12.838 -174.062 2.97471 1
15.001 -162.266 3.18912 3
10.6534 -182.349 3.95533 2
15.942 -178.755 2.68504 1
15.0841 -187.818 3.29807 1
5.58655 -141.875 1.08298 2
0.646792 -138.639 0.267928 2
-0.565907 -133.864 0.296854 2
6.0096 -139.838 0.884442 2
23.2931 -154.212 2.03689 1
13.1906 -183.975 4.14268 3
-3.81897 -175.491 2.07372 3
-3.76752 -175.475 3.50881 3
30.2993 -144.152 1.94658 1
-4.02873 -173.555 1.11915 1
23.8014 -182.033 2.81619 1
28.783 -182.643 2.87973 1
26.6122 -182.244 2.94009 1
34.1803 -183.012 3.11413 1
13.409 -212.839 3.35965 1
14.7137 -197.992 2.98651 1
29.9947 -185.193 3.07833 1
24.77 -180.893 3.12249 3
10.7313 -203.775 4.32401 2
24.2744 -201.856 3.31007 1
25.3651 -200.075 3.4253 2
11.4601 -211.826 3.57525 3
27.8507 -199.576 3.6404 2
30.9432 -200.066 3.67047 2
13.0819 -219.205 3.50174 1
12.2117 -230.528 3.87689 1
9.9375 -237.329 5.42994 3
10.2936 -261.151 4.35483 1
9.60639 -285.203 6.45649 3
22.637 -262.421 4.72467 2
7.72467 -271.412 5.92219 3
25.9865 -264.482 4.51898 2
15.4733 -286.191 5.75218 2
12.0533 -233.488 3.46294 1
4.93621 -281.541 4.60837 1
-0.236218 -258.039 5.4027 2
17.0344 -282.708 4.95851 1
-10.5077 -284.758 4.82487 1
32.8376 -282.648 4.94769 1
37.8785 -282.883 5.09275 1
-18.3554 -279.451 4.49956 1
20.6591 -276.112 5.21071 3
2.45803 -274.962 4.68453 3
2.22008 -288.777 5.94179 2
-4.54974 -274.615 4.76665 3
44.0156 -277.66 5.63526 3
19.878 -282.49 4.74119 1
23.9643 -292.826 5.35595 1
44.1127 -283.087 5.10995 1
23.6926 -298.474 5.53514 1
57.6399 -284.158 5.29648 1
67.4945 -279.145 5.98206 3
47.6341 -275.31 5.83399 2
52.5386 -274.597 5.56949 2
64.2362 -284.478 5.35376 1
69.7539 -284.667 5.35659 1
81.8089 -285.613 5.54703 1
61.0536 -275.813 5.71966 2
86.47 -278.551 6.66314 2
91.5505 -280.742 6.10926 3
95.1947 -286.218 5.76257 1
88.097 -286.165 5.69469 1
100.294 -286.711 5.97904 1
60.1514 -284.206 5.30512 1
128.463 -292.23 6.91083 2
115.648 -282.3 6.23064 3
123.31 -291.917 6.39288 2
131.899 -294.83 6.61257 2
140.462 -283.915 7.27447 3
116.745 -279.17 6.32316 3
155.401 -295.67 6.40465 1
104.978 -280.433 6.24972 2
160.117 -286.634 7.68896 2
159.954 -300.717 7.34176 2
134.69 -293.78 6.53171 3
137.285 -303.341 6.65194 1
127.775 -295.124 6.93291 2
102.371 -287.083 5.91676 1
133.633 -283.507 6.47622 3
142.137 -307.329 6.76983 3
135.894 -297.61 6.91386 3
158.28 -293.51 7.34971 3
143.099 -335.845 8.38514 2
159.519 -278.439 6.21105 1
150.611 -282.201 7.09942 3
151.207 -266.043 8.0974 2
166.395 -269.178 8.01352 3
159.81 -276.264 6.17154 1
166.84 -263.306 5.8765 1
177.56 -247.945 7.41737 3
150.595 -263.297 5.78827 1
177.887 -236.758 5.61288 1
188.393 -226.777 6.81394 3
195.017 -223.019 5.60854 1
186.753 -219.198 5.16137 1
199.89 -204.649 6.48807 3
196.487 -230.127 6.04269 3
191.052 -209.113 5.99486 1
189.465 -214.267 5.17853 1
211.78 -195.177 6.17425 3
210.202 -191.405 6.56422 3
188.089 -216.441 5.14914 1
204.927 -186.88 4.87708 1
216.236 -179.88 5.5973 3
192.488 -207.475 5.16735 1
207.834 -203.078 5.34844 1
192.817 -187.982 4.66963 1
189.05 -183.398 6.03825 3
191.42 -194.608 4.75157 1
220.721 -202.261 5.36585 1
178.904 -234.744 5.45943 1
233.466 -208.727 6.27716 1
216.208 -199.727 5.39581 1
213.544 -205.858 5.64559 1
173.31 -177.371 4.50893 1
187.057 -184.926 4.42526 1
226.887 -205.371 5.51648 1
182.296 -189.51 4.8142 1
164.488 -170.53 6.85359 3
217.388 -208.137 5.51909 1
227.548 -213.198 5.67833 1
234.812 -206.267 6.84393 3
225.664 -214.714 6.06346 3
210.151 -177.224 4.73847 1
210.958 -164.709 4.97884 1
228.052 -156.452 6.22482 3
220.889 -170.783 5.14886 3
216.998 -164.562 4.28039 1
170.341 -183.25 4.20798 1
231.256 -141.198 5.36028 2
233.163 -144.336 4.29959 1
223.405 -184.061 5.17717 3
239.062 -140.915 5.46546 2
219.738 -159.209 4.52438 1
219.298 -152.774 5.42336 3
230.588 -133.773 5.34216 2
208.507 -166.601 4.43078 1
205.016 -164.841 4.65316 1
233.111 -150.774 5.32995 3
203.847 -167.011 4.59083 1
230.317 -124.504 5.39859 2
218.686 -161.203 4.42386 1
232.403 -158.791 5.11578 2
234.771 -124.654 5.02241 2
221.793 -153.909 4.24945 1
220.709 -157.624 4.41766 1
224.963 -114.129 4.90758 2
243.512 -141.508 4.99295 3
235.513 -149.994 4.66838 1
247.576 -140.128 5.13929 2
235.795 -139.623 5.09506 3
221.575 -147.924 4.21285 1
246.714 -144.049 5.11911 1
221.372 -142.601 4.0359 1
242.084 -124.262 4.95292 2
243.179 -139.209 5.01234 3
226.011 -129.422 5.59424 3
245.605 -143.579 4.89225 1
221.311 -137.3 3.86024 1
220.271 -122.45 3.81973 1
224.318 -105.435 4.64961 2
243.581 -148.967 4.38677 1
220.316 -131.72 3.70372 1
249.413 -148.371 4.37761 1
223.479 -97.7196 3.73511 2
223.011 -89.3095 4.09734 2
219.581 -116.102 3.49487 1
218.055 -99.2586 3.19648 1
246.293 -148.713 4.38906 1
220.414 -135.387 3.87535 1
224.082 -102.091 4.17784 3
224.836 -113.38 3.63088 2
222.73 -83.1855 3.90925 3
222.48 -80.9638 3.25419 2
236.143 -111.476 3.91022 2
246.491 -114.581 4.31276 2
217.676 -92.8594 3.01244 1
219.582 -120.353 3.55951 1
216.162 -74.8624 2.60947 1
224.841 -64.3862 2.38415 1
232.559 -79.359 2.52488 2
222.405 -78.8031 3.41886 3
229.734 -85.4411 2.80819 3
227.187 -72.4722 3.05015 3
245.929 -83.4822 2.77322 2
256.575 -83.1862 2.47672 2
239.658 -90.4433 2.73691 3
234.064 -63.5461 2.39993 1
241.97 -95.7769 2.90843 2
231.988 -71.9952 2.98241 2
210.837 -64.3189 2.98155 3
238.801 -69.2051 2.91521 3
239.949 -71.4748 2.97561 2
229.865 -124.804 6.40475 2
248.515 -70.6129 3.09562 2
264.638 -69.9504 3.18706 2
200.488 -65.7218 2.17592 1
248.653 -68.5905 3.20676 3
206.527 -70.6087 2.44718 1
266.129 -67.3167 3.42268 3
201.589 -71.4969 2.37606 1
183.261 -66.8322 2.32249 1
197.764 -66.1865 2.69847 1
257.177 -70.301 3.49443 2
256.616 -62.5578 2.60537 1
242.118 -79.4513 3.07997 2
249.435 -59.0856 3.15637 3
242.233 -55.8625 2.31024 1
246.986 -51.9373 2.46902 1
248.691 -48.9475 3.85612 3
280.97 -68.6338 3.68729 2
238.641 -56.6012 2.66515 2
246.667 -21.5651 3.80106 3
292.066 -65.4584 4.87918 3
283.606 -72.854 3.71561 2
269.082 -62.0423 2.82428 1
282.728 -60.7366 2.92914 1
276.588 -60.9001 2.82532 1
260.436 -76.2875 3.60939 2
278.349 -80.9413 2.35847 2
313.674 -66.1752 3.94341 2
315.906 -63.8571 4.61909 3
291.949 -60.058 3.02406 1
296.503 -59.4412 3.06713 1
305.063 -58.7113 3.10361 1
318.083 -64.9703 3.4595 1
310.665 -58.6956 3.16676 1
300.002 -54.9543 3.29036 1
294.277 -59.7533 3.00068 1
271.539 -61.6084 2.85713 1
321.955 -69.0086 3.55756 1
317.01 -65.7158 3.86479 3
325.258 -62.1984 3.31461 1
316.544 -58.0718 3.15282 1
331.056 -61.7861 3.53078 1
344.953 -61.7573 4.903 3
341.441 -60.938 3.45428 1
368.696 -60.0865 5.47915 3
355.628 -60.0608 3.49894 1
351.056 -63.8836 4.23637 1
314.572 -58.0621 3.28435 1
328.24 -61.938 3.43917 1
348.076 -64.1592 3.79021 1
369.187 -53.8459 3.52906 1
360.383 -59.9355 3.69946 1
365.502 -59.6988 3.57622 1
384.025 -60.6691 4.92001 3
341.25 -22.2797 3.95737 2
385.675 -57.9437 3.81405 1
372.868 -52.9183 4.37656 3
382.355 -66.3973 4.03331 1
332.925 -61.6486 3.7064 1
357.307 -60.1673 3.44138 1
383.962 -50.4573 4.0537 3
407.265 -58.5178 5.5976 3
376.968 -68.8824 3.92439 1
376.088 -48.7562 3.28475 1
343.318 -61.062 3.26722 1
382.456 -36.3916 4.53159 3
380.546 -36.7551 4.27353 1
383.638 -80.0992 4.3673 1
399.777 -56.7875 3.86251 1
385.857 -47.2691 3.8497 2
380.658 -13.3874 4.72564 3
379.721 -23.674 2.95739 1
400.915 -51.8624 3.67799 1
375.095 -36.6917 3.18818 1
379.366 -90.5605 4.95388 1
385.096 -38.3656 3.86322 2
385.939 -84.8504 5.89391 3
379.352 -93.139 5.23242 1
359.02 -59.6481 3.51111 1
408.686 -51.4708 3.85017 1
434.756 -56.5971 6.11196 3
422.846 -55.5216 4.08685 1
415.528 -50.8905 3.89828 1
431.311 -50.0712 4.12281 1
434.925 -54.4627 4.183 1
441.837 -53.8528 4.21189 1
437.739 -49.357 4.11347 1
457.68 -56.3941 5.80235 3
464.577 -54.5073 5.72581 3
403.448 -51.7294 3.7468 1
461.342 -52.5757 4.39208 1
401.691 -56.8862 3.81934 1
434.048 -62.4161 5.38576 2
456.937 -61.8957 4.64766 1
451.248 -56.8796 4.35077 1
433.024 -49.8528 4.01543 1
457.649 -68.2627 4.60152 1
466.775 -51.8925 4.46051 1
477.438 -46.0826 4.3697 1
460.416 -69.9528 5.91113 3
491.982 -44.9255 5.59816 1
435.652 -49.4673 4.0333 1
458.253 -74.547 4.59918 1
458.859 -81.1773 4.72626 1
425.166 -55.0277 3.98453 1
477.407 -51.1809 4.46911 1
459.363 -87.3114 5.48973 1
462.086 -94.2529 7.83899 3
453.081 -74.7402 4.56351 1
453.668 -84.6524 4.81639 1
495.299 -41.5543 6.7785 2
454.819 -101.307 5.13 1
454.043 -98.4097 6.20229 3
444.385 -89.2321 5.046 2
460.057 -102.09 5.12239 1
455.538 -107.544 5.30529 1
464.654 -105.79 6.3579 2
456.327 -121.118 5.6252 1
462.212 -94.1121 5.32466 3
463.034 -128.372 5.70743 1
455.529 -112.53 5.49708 1
459.607 -89.7881 5.35163 1
457.608 -127.294 5.81766 1
464.121 -119.817 5.54032 3
458.758 -132.619 5.82487 1
455.113 -103.386 5.15651 1
449.14 -118.224 6.34112 2
445.203 -119.736 6.49106 2
453.762 -87.239 4.7538 1
465.169 -122.309 6.5671 2
466.413 -109.777 5.52944 2
466.193 -139.973 6.46881 1
455.481 -105.74 5.2275 1
463.079 -130.63 5.7946 1
459.795 -91.7772 5.56165 1
475.824 -168.532 6.70189 1
454.151 -136.502 6.72931 2
455.742 -114.948 5.56384 1
470.099 -149.817 6.17915 1
476.629 -160.278 6.47229 1
466.777 -141.922 6.18843 1
458.985 -134.669 5.77904 1
480.081 -183.602 8.37768 3
485.347 -169.617 6.86127 1
482.429 -167.667 7.47501 3
476.778 -177.812 6.81 1
499.246 -167.724 7.49619 3
489.397 -167.14 6.85094 1
478.225 -162.242 6.48881 1
461.015 -199.627 8.12616 3
471.088 -182.219 6.85139 1
497.497 -160.786 6.72909 1
487.64 -189.413 7.22392 2
475.729 -179.937 6.70068 1
489.635 -191.174 7.18844 2
461.444 -212.994 7.03915 2
450.409 -199.713 6.97531 1
474.488 -199.133 7.62916 2
447.952 -214.624 7.66182 2
439.415 -208.802 7.10005 1
457.672 -214.813 7.29326 2
450.008 -217.452 7.60028 2
441.477 -215.958 7.6859 3
426.93 -230.644 7.78482 1
435.035 -212.758 7.00631 1
425.845 -220.522 7.14817 1
436.495 -226.919 8.02231 2
438.338 -229.22 8.11292 2
437.788 -210.462 6.95363 1
414.257 -230.335 7.40311 1
421.612 -233.123 7.85903 1
423.911 -231.451 7.84212 1
412.461 -242.062 8.18546 1
414.858 -241.537 8.10792 1
416.386 -238.581 7.59937 1
420.128 -235.861 8.32241 1
387.687 -248.066 8.77082 3
406.085 -247.826 7.95842 1
425.298 -230.433 7.79041 1
384.175 -246.285 8.12721 2
385.537 -238.83 8.51033 2
394.477 -237.13 7.40579 1
425.567 -235.661 8.06711 3
383.692 -232.976 8.38831 2
422.71 -238.261 8.12021 1
401.117 -253.877 7.73216 1
386.133 -231.188 8.54813 3
401.267 -231.867 7.3582 1
388.603 -251.826 7.74448 1
416.119 -242.377 7.85944 1
392.574 -272.721 9.04009 2
400.019 -230.18 7.26481 1
410.01 -250.063 8.16958 2
413.091 -244.221 7.88561 1
411.109 -252.114 8.28261 2
374.432 -260.47 9.3489 3
389.216 -225.686 7.13694 1
411.318 -248.044 8.12199 2
398.542 -228.283 7.1014 1
387.895 -215.124 6.72888 1
413.885 -247.652 8.26613 2
389.64 -268.643 8.35568 2
387.604 -272.93 8.7817 2
406.325 -253.186 8.63249 3
398.589 -266.257 9.09026 2
389.646 -264.343 8.95025 3
354.416 -252.29 8.53118 2
357.651 -262.354 8.19298 2
363.351 -263.253 8.33323 2
376.342 -263.022 8.29521 1
425.252 -235.634 10.2268 3
394.615 -210.791 7.63025 3
396.556 -208.002 7.19629 2
396.856 -202.656 7.44001 2
391.011 -183.497 6.24439 1
384.607 -181.028 6.14544 1
392.846 -186.267 6.19824 3
384.257 -171.736 5.95876 1
395.815 -171.512 6.47756 1
389.425 -162.191 5.81675 1
391.11 -160.891 6.77871 3
390.752 -181.285 6.04722 1
366.993 -182.722 5.19659 2
388.791 -156.049 5.70118 1
406.92 -170.116 5.0857 1
389.305 -134.337 6.29654 3
387.819 -139.25 5.59255 1
382.656 -148.01 5.50996 1
379.731 -140.566 6.1255 3
381.057 -123.948 5.02596 1
400.154 -144.513 5.62405 1
398.37 -147.975 6.08297 1
379.498 -131.637 5.74606 3
386.955 -128.844 5.16599 1
384.531 -178.911 6.06267 1
400.299 -148.149 5.52608 1
373.193 -134.536 5.20341 1
368.863 -132.662 6.41467 3
368.716 -134.96 5.13476 1
386.112 -116.284 4.95411 1
387.537 -110.138 6.03512 3
344.535 -134.414 6.85327 3
369.077 -140.55 5.2529 1
353.244 -141.548 5.14355 1
348.592 -136.434 4.97256 1
382.962 -146.539 5.44148 1
383.926 -169.658 5.88042 1
348.881 -141.536 5.04189 1
337.529 -137.273 4.90865 1
342.125 -142.214 4.95287 1
371.861 -134.698 5.15529 1
367.535 -140.702 5.10096 1
327.588 -143.55 4.90751 1
322.189 -138.124 4.79488 1
332.146 -137.594 4.92814 1
334.981 -132.881 5.48142 2
282.814 -130.859 6.57355 2
294.824 -145.579 4.63282 1
294.172 -138.062 5.21279 3
324.41 -144.252 4.79714 1
286.483 -140.637 4.47386 1
289.104 -146.064 4.73125 1
308.674 -164.921 5.61973 2
311.181 -165.257 5.24617 2
278.953 -146.916 4.51416 1
270.851 -141.761 4.40727 1
269.14 -139.505 5.32743 3
247.835 -140.145 5.11995 2
292.607 -130.348 5.11463 2
249.539 -143.182 5.0601 1
268.541 -147.307 4.40111 1
285.398 -149.068 5.10851 3
239.68 -140.627 5.21538 2
263.732 -142.626 4.3222 1
262.345 -147.863 4.37823 1
251.352 -148.359 4.39831 1
282.296 -119.031 5.5375 2
231.654 -141.159 5.39182 2
231.125 -133.422 5.62728 2
247.748 -143.359 5.06498 1
229.885 -124.539 6.20673 2
243.714 -141.426 5.26072 3
283.341 -127.248 5.77528 2
284.359 -140.835 4.44177 1
234.857 -124.577 4.43522 2
245.053 -148.767 4.3327 1
225.368 -113.517 4.65021 2
220.339 -121.262 3.71675 1
236.617 -149.795 4.25021 1
234.125 -144.487 4.19553 1
242.235 -124.221 4.73405 2
243.348 -139.129 4.93007 3
221.933 -148.642 4.24595 1
221.728 -151.969 4.14701 1
221.533 -146.573 4.04405 1
220.839 -135.283 3.79575 1
235.854 -139.595 4.92662 3
221.132 -137.072 3.84698 1
220.38 -131.688 3.71133 1
219.959 -116.293 3.54479 1
224.202 -105.328 4.57792 2
246.291 -114.677 4.75013 2
220.651 -157.961 4.70612 1
233.19 -150.703 5.33106 3
221.192 -142.55 4.06647 1
218.474 -162.731 4.5641 1
228.377 -156.535 5.33149 3
232.573 -158.529 5.18215 2
219.461 -152.827 5.40269 3
210.898 -175.166 4.79076 1
225.958 -129.438 5.25982 3
246.852 -148.722 4.30733 1
220.923 -170.683 5.05917 3
216.312 -179.669 5.43734 3
223.819 -97.61 3.78053 2
244.907 -143.623 4.48207 1
223.067 -89.3446 4.1323 2
218.104 -99.4565 3.17785 1
224.101 -102.114 4.07666 3
236.179 -111.432 3.87402 2
222.715 -83.1821 3.71521 3
222.492 -81.0172 3.36343 2
217.688 -92.7783 2.98819 1
216.167 -74.8364 2.54313 1
232.556 -79.407 2.47175 2
222.437 -78.8055 3.3584 3
229.704 -85.3825 2.82283 3
225.067 -64.2291 2.37658 1
227.182 -72.394 3.10486 3
245.883 -83.505 2.79657 2
234.888 -63.3792 2.41755 1
242.121 -95.9162 2.83945 2
210.908 -64.3361 2.97387 3
231.96 -71.9802 2.89929 2
238.862 -69.214 2.8229 3
248.636 -70.6483 3.03295 2
264.767 -69.9708 3.07742 2
206.531 -70.5479 2.5259 1
198.617 -65.8818 2.74872 1
201.048 -71.293 2.51204 1
248.591 -68.6164 3.216 3
257.705 -62.9323 2.56417 1
266.095 -67.3258 3.73443 3
216.851 -75.1811 2.49218 1
249.394 -58.9468 3.30092 3
242.141 -79.434 2.99137 2
242.342 -55.8486 2.20262 1
247.121 -52.0752 2.36397 1
248.763 -48.8877 3.89192 3
238.581 -56.6749 2.46493 2
246.884 -46.1144 2.33444 1
246.634 -21.609 3.8877 3
240.562 -31.1642 1.87153 1
283.553 -72.8681 3.62095 2
292.072 -65.419 4.5068 3
245.257 -23.5752 1.65565 1
256.436 -36.8183 2.51168 3
239.979 -19.6238 1.60612 1
246.697 -21.6469 1.54998 3
247.031 -49.7283 2.24541 1
244.679 -17.1266 1.49491 1
243.49 -3.80404 1.24274 1
245.302 -0.148635 2.35631 3
239.408 -13.3558 1.29962 1
242.81 5.98769 1.02123 1
244.751 -21.3249 1.46135 1
236.263 31.0949 0.422394 1
248.791 23.6747 1.10998 1
231.839 22.9568 0.698662 1
245.834 26.2124 1.84109 3
256.227 25.6161 2.07887 2
247.097 13.0976 1.03488 1
243.321 9.85625 1.46916 3
224.818 22.0684 0.755584 1
262.442 23.9641 0.883579 1
246.062 23.5981 0.570833 1
278.265 27.3161 3.16614 2
243.117 28.053 1.1685 3
210.084 21.1419 0.513519 1
228.937 22.1939 0.539452 1
230.727 12.2285 0.719412 1
212.466 22.6463 0.752657 2
275.918 25.7062 0.96195 1
252.436 13.4184 1.10518 1
234.676 27.4465 1.02391 3
257.365 13.7212 1.94305 2
251.927 22.8122 0.570961 1
251.889 24.0055 0.826102 1
231.988 10.9541 1.12348 3
217.447 21.2912 0.259135 1
260.574 14.156 0.96128 1
206.647 21.2715 0.672056 1
213.82 10.5187 1.31087 2
278.666 15.5558 3.40301 2
250.141 13.1528 0.927572 1
268.526 13.502 2.29955 3
240.149 45.9461 -0.0494676 1
193.425 9.0932 1.46964 2
242.049 46.2667 1.64305 3
195.308 21.6812 1.48729 2
254.465 23.5846 0.671449 1
236.191 39.4894 0.01719 1
236.006 9.43993 0.961745 3
202.569 8.71063 1.1693 3
203.175 21.8784 2.0425 2
265.897 15.1142 1.01605 1
221.54 22.8599 2.0732 2
295.046 16.4097 3.16719 2
294.366 27.9369 3.23016 2
275.713 15.4567 1.15797 1
283.319 25.6082 1.32194 1
290.157 29.3941 2.78442 3
280.841 25.2853 1.08737 1
287.369 24.7652 1.06695 1
312.039 17.7023 3.47491 2
310.672 29.076 3.08686 2
292.675 26.2405 1.23306 1
299.116 17.0389 1.39934 1
297.003 26.4712 1.27588 1
301.869 27.3252 1.1749 1
307.377 17.5243 1.53138 1
305.523 27.1223 1.21199 1
290.021 26.0159 1.25451 1
327.825 19.0458 3.60796 2
327.664 30.4377 3.27297 2
323.028 28.7866 1.48109 1
315.097 18.3855 1.69259 1
340.45 31.164 3.06889 2
319.597 18.5695 1.64736 1
325.693 28.844 1.81183 1
331.873 19.5025 1.79418 1
350.749 20.34 3.55162 2
356.356 19.6164 3.83848 3
309.254 27.8667 1.31208 1
330.665 28.5991 1.66736 1
338.485 28.8234 1.82947 1
333.078 28.6177 1.51759 1
342.375 20.0932 1.97254 1
335.331 29.2898 1.69958 1
345.059 29.5655 1.61295 1
352.963 30.8557 1.60098 1
357.685 20.9873 2.07816 1
361.023 31.0546 1.90153 1
317.767 18.2952 1.5754 1
381.906 35.3888 3.73431 3
383.177 22.7289 2.45004 1
358.005 32.1943 2.97144 2
363.811 31.049 2.08481 1
355.853 31.9957 1.8113 1
400.427 23.6158 3.89542 2
383.235 22.7871 2.35008 1
394.233 32.3329 2.78482 3
378.292 19.3629 2.73359 3
408.164 36.172 3.35311 2
374.466 47.7055 1.64169 1
376.363 61.1245 2.30799 2
379.216 8.32188 2.90266 3
375.999 64.558 2.23325 2
375.953 68.2431 2.14532 2
377.317 4.97156 2.58113 1
408.592 24.072 3.18541 3
406.428 34.0332 2.12343 1
378.052 -2.99936 2.91921 1
369.279 47.2083 1.64839 1
371.874 3.89036 2.51549 1
417.384 24.9528 3.87619 2
368.778 16.954 2.28429 3
389.886 23.9328 2.31174 1
405.95 22.913 3.10526 3
380.667 -13.2423 4.94231 3
397.297 35.4828 2.18586 1
420.493 37.2298 3.71242 2
373.378 65.9638 1.02405 1
372.204 78.8688 0.806378 1
367.389 74.203 0.907807 1
373.03 99.2716 1.79027 3
375.109 68.3336 1.74411 3
345.797 88.86 -0.823392 3
371.121 125.912 1.01346 3
373.528 115.884 0.759127 3
373.442 108.66 0.957873 3
369.598 119.773 -0.0277635 1
367.715 68.963 0.957104 1
376.888 117.572 0.821994 3
378.441 114.802 0.224011 1
371.979 81.6912 0.724878 1
386.112 89.3926 0.652711 2
388.425 115.849 0.387424 1
384.882 110.179 0.954523 1
356.994 113.856 -0.127879 1
362.527 89.9314 1.7078 3
350.968 115.859 0.756705 2
368.675 127.261 -0.230027 1
394.116 116.308 0.367783 1
357.837 108.472 0.00350107 1
349.401 113.188 -0.280486 1
333.485 116.39 -0.345258 1
402.404 119.482 2.02343 3
343.379 107.278 -0.179438 1
369.257 151.614 0.729924 3
387.386 110.748 0.594608 1
398.011 111.29 0.446025 1
361.994 152.081 -0.653865 1
366.439 166.257 -1.04718 1
361.726 158.086 -0.832989 1
360.937 168.16 -1.14947 1
365.108 184.282 -1.43312 1
356.861 186.584 -1.01814 3
365.796 203.476 -0.415461 3
355.481 199.805 -0.648725 3
364.026 192.837 -1.51525 1
353.117 196.224 -1.28322 2
363.685 199.762 -1.8197 1
365.827 228.741 -1.05118 3
358.027 217.325 -2.25609 1
351.692 189.16 -1.75019 1
340.43 195.427 -1.01879 2
333.161 194.855 -1.12001 2
346.483 195.912 -1.27174 2
326.146 194.04 -1.17529 2
332.108 187.303 -1.37131 1
312.212 193.43 -1.12924 2
366.291 168.279 -1.11912 1
330.179 187.216 -1.52002 1
360.6 170.277 -1.2272 1
363.233 221.329 -2.36852 1
358.189 227.515 -2.61398 1
368.013 252.399 -1.99801 3
363.882 230.89 -2.56223 1
359.755 245.306 -3.03231 1
352.837 220.584 -1.79615 2
353.912 218.163 -1.61849 2
364.29 238.362 -2.74453 1
358.575 232.396 -2.97627 1
366.496 258.289 -3.28905 1
366.746 275.143 -2.60263 3
372.86 274.034 -2.93043 2
362.122 258.364 -3.22145 1
368.367 274.959 -3.1677 2
370.016 262.22 -2.68038 3
364.084 232.991 -2.59122 1
362.872 275.828 -2.56835 2
379.018 266.765 -3.24905 1
383.493 265.859 -3.26349 1
391.379 270.24 -1.99735 2
364.601 240.67 -2.8155 1
342.094 277.855 -3.17133 3
350.213 270.594 -3.72977 1
401.081 261.74 -2.95294 1
317.071 278.506 -2.85221 3
335.48 271.443 -3.38444 1
361.945 260.404 -3.21178 1
347.866 271.004 -3.73287 1
319.297 271.701 -3.96751 1
291.76 276.666 -3.17199 3
324.138 266.571 -3.76466 1
314.207 271.74 -3.93219 1
326.914 266.208 -3.73236 1
302.657 270.819 -4.02532 1
317.202 271.842 -3.95349 1
332.855 271.384 -3.33399 1
267.198 272.97 -3.73882 3
296.74 270.171 -4.1879 1
267.185 266.91 -4.46969 1
242.002 266.986 -3.14943 3
262.269 266.08 -4.32058 1
300.253 270.6 -4.19116 1
250.82 263.297 -4.49773 1
261.205 260.9 -3.82234 2
264.735 266.62 -4.28004 1
245.058 262.068 -4.55743 1
218.23 258.977 -3.34249 3
195.342 249.152 -3.6004 3
200.991 245.313 -4.31568 1
182.415 242.773 -4.12016 2
178.699 240.666 -4.05842 2
174.089 237.822 -3.96363 3
196.088 243.184 -4.38025 1
175.565 231.073 -4.33113 1
172.051 236.82 -4.2477 2
166.479 226.313 -4.3192 1
190.835 216.59 -3.93958 1
197.062 205.108 -3.71281 1
175.342 225.046 -3.15237 2
197.8 214.055 -3.82037 1
206.055 198.52 -2.92497 1
160.282 221.099 -4.27448 1
132.262 208.309 -3.15508 3
138.722 199.832 -2.43737 2
170.914 222.314 -3.89679 2
141.684 206.7 -4.16459 1
164.832 224.787 -4.38165 1
135.39 201.551 -4.06124 1
114.003 190.71 -2.92298 3
141.35 201.969 -2.68528 2
121.562 189.811 -4.03547 1
133.582 200.314 -4.05871 1
119.878 188.301 -4.02416 1
97.2985 172.214 -2.77135 3
118.161 186.951 -4.11353 1
117.02 175.091 -3.56649 1
104.347 170.583 -3.81348 1
82.4883 155.014 -2.33341 3
103.932 161.03 -3.2356 1
96.7293 146.7 -1.57361 2
65.7295 135.861 -2.1534 3
80.5351 135.228 -3.26993 1
48.4374 115.679 -2.03632 3
59.6212 110.307 -1.67171 3
43.3088 92.3801 -1.07131 2
62.9161 110.597 -1.08655 2
32.5643 97.3786 -2.08058 3
68.0211 102.606 -1.07237 3
38.0176 85.87 -1.98211 2
84.4632 91.0357 -0.694131 2
80.5619 94.9576 -2.21873 1
33.4752 89.5513 -2.40111 1
15.7492 77.9155 -1.19699 3
53.3904 102.016 -0.970924 3
-0.622018 58.9866 -0.979287 3
44.103 68.0804 -3.21207 1
17.5831 62.5747 -1.70953 2
23.0211 68.6577 -1.62651 2
11.2395 55.3769 -1.71981 2
-17.5827 39.2414 -1.05536 3
-23.0225 18.0427 -1.26681 1
-24.2791 20.3238 -1.32448 1
-30.8912 17.0383 -0.213189 2
-26.0555 14.2435 0.117247 2
-24.6234 9.79612 0.151011 2
-25.125 23.6982 -1.7496 1
25.1149 34.8659 -0.931747 2
24.4772 37.5128 0.118025 2
-18.7562 11.1784 -1.18099 1
-39.8595 7.97522 -0.219687 2
-15.8589 1.97046 0.0324941 3
-49.0404 -1.23201 -0.53478 2
-11.9836 5.59299 -0.601978 3
-44.7219 -7.54152 -0.962138 2
4.66934 -3.42241 -0.432732 3
-21.3778 15.5276 -1.52252 1
3.98326 5.62996 -0.576818 3
15.3339 -3.09762 0.00462777 2
-25.219 13.763 -0.837701 2
-25.9879 -23.4818 1.16515 3
4.94023 6.96674 -1.0848 1
9.45082 -2.93863 -0.911899 1
23.7092 -2.55769 0.368422 2
-39.8335 -13.7012 0.463566 2
-9.88087 -12.2021 -0.240736 3
-25.927 -6.34591 0.146644 3
-27.1581 -31.3931 1.09788 3
12.9725 -4.09525 0.263432 3
11.5288 9.01305 -0.199571 2
17.9671 9.41339 -0.271404 2
36.6233 -1.47558 0.561376 2
31.4377 9.86779 0.269236 2
32.8683 11.4874 -0.0884504 3
-49.4495 -20.8776 0.27184 3
37.9933 -0.828424 2.09285 2
42.8429 10.2981 1.17441 2
24.3744 8.28639 -1.01825 1
-21.1808 15.2411 -1.49206 1
-7.4639 17.1004 -0.0660031 2
29.2079 7.37301 -0.803347 1
27.0432 8.55124 -0.968387 1
52.1707 -0.69871 1.56693 2
40.5105 -0.777179 -0.345093 1
38.9544 8.56281 -0.80656 1
24.6649 -25.3935 -1.28826 2
36.3093 11.7162 0.0482242 3
73.9177 0.854997 1.34599 2
55.6243 11.7371 0.116193 2
73.7627 12.9148 0.843476 2
58.817 0.194675 -0.723376 1
41.3902 9.18741 -0.839402 1
58.0192 -1.09374 0.148562 3
68.807 10.9513 -0.491432 1
60.7609 10.1876 -0.649624 1
76.1315 10.5771 -0.544071 1
44.2002 -1.06344 -0.549398 1
93.1516 11.5603 0.588133 3
71.3773 11.3384 -0.638586 1
52.0899 40.3649 -0.0453276 2
76.9929 1.79231 -0.419771 1
101.539 14.499 1.21512 2
79.8499 14.8733 0.843299 3
94.5272 13.5342 -0.636096 1
95.0383 1.50338 0.353221 3
96.5966 2.65531 -0.406539 1
82.5814 16.8883 0.251285 3
112.33 3.52295 1.67792 2
79.8227 11.3676 -0.710175 1
113.076 15.721 1.27424 2
91.0496 17.2913 0.190099 3
91.2861 -6.34795 -0.145476 1
99.1475 12.7483 -0.529679 1
90.7544 35.856 0.325277 3
80.335 27.5908 -0.537989 2
84.0945 26.1049 -1.15514 1
114.922 14.2322 -0.118153 1
87.9804 38.8111 -1.4536 1
77.8423 1.62392 -0.50265 1
91.4954 -15.709 -0.0928752 1
95.5951 -12.7424 0.86533 2
95.0602 -37.7306 1.15788 3
106.304 13.5293 -0.540764 1
103.91 13.3934 -0.391722 1
93.9217 -11.1587 0.0998397 3
84.1391 -1.44439 -0.107929 3
83.8549 32.2396 -1.33077 1
117.333 17.2173 1.17184 3
